1,1,208.55,250.78,94.88999999999999,41.059999999999974,1,1,1.0
1,2,119.68,334.95,138.64999999999998,58.110000000000014,1,1,1.0
1,3,731.79,265.34,75.36000000000001,39.700000000000045,1,1,1.0
2,1,208.55,250.78,94.88,41.109999999999985,1,1,1.0
2,2,98.8,337.4,138.64,62.10000000000002,1,1,1.0
2,3,721.84,267.83,75.37,39.69999999999999,1,1,1.0
3,1,208.55,250.78,94.88,41.16,1,1,1.0
3,2,72.4,339.6,141.6,63.599999999999966,1,1,1.0
3,3,706.62,267.4,75.36000000000001,42.72000000000003,1,1,1.0
4,1,208.55,250.78,94.88,41.21000000000001,1,1,1.0
4,2,47.11,343.59,143.58999999999997,63.60000000000002,1,1,1.0
4,3,691.9,269.3,77.89999999999998,43.099999999999966,1,1,1.0
5,1,208.55,250.78,94.88,41.26000000000002,1,1,1.0
5,2,21.9,346.6,149.1,65.79999999999995,1,1,1.0
5,3,678.5,271.5,79.39999999999998,43.10000000000002,1,1,1.0
6,1,208.55,250.78,94.88,41.309999999999974,1,1,1.0
6,2,0.02,351.37,149.1,65.80000000000001,1,1,1.0
6,3,663.7,272.8,80.09999999999991,43.69999999999999,1,1,1.0
7,1,208.55,250.78,94.88,41.359999999999985,1,1,1.0
7,2,0.02,352.7,125.88000000000001,70.5,1,1,1.0
7,3,649.6,275.3,80.10000000000002,45.599999999999966,1,1,1.0
8,1,208.55,250.78,94.88,41.41,1,1,1.0
8,2,0.02,357.5,103.08,71.5,1,1,1.0
8,3,635.7,275.3,80.59999999999991,48.099999999999966,1,1,1.0
9,1,208.55,250.78,94.88,41.46000000000001,1,1,1.0
9,2,0.02,360.8,80.08,58.89999999999998,1,1,1.0
9,3,620.8,278.6,82.5,46.299999999999955,1,1,1.0
10,1,208.55,250.78,94.88,41.51000000000002,1,1,1.0
10,2,0.02,368.3,51.779999999999994,57.19999999999999,1,1,1.0
10,3,605.4,280.1,84.0,49.799999999999955,1,1,1.0
11,1,208.55,250.78,94.88,41.559999999999974,1,1,1.0
11,2,0.02,372.3,29.38,58.69999999999999,1,1,1.0
11,3,590.0,282.6,84.0,49.299999999999955,1,1,1.0
12,1,208.55,250.78,94.88,41.609999999999985,1,1,1.0
12,3,573.4,283.3,86.60000000000002,52.599999999999966,1,1,1.0
13,1,208.55,250.78,94.88,41.66,1,1,1.0
13,3,559.0,284.3,88.60000000000002,53.599999999999966,1,1,1.0
14,1,208.55,250.78,94.88,41.71000000000001,1,1,1.0
14,3,543.69,288.29,88.59999999999991,53.599999999999966,1,1,1.0
15,1,208.55,250.78,94.88,41.76000000000002,1,1,1.0
15,3,527.05,290.29,88.60000000000002,53.599999999999966,1,1,1.0
16,1,208.55,250.78,94.88,41.809999999999974,1,1,1.0
16,3,511.07,293.62,88.59999999999997,53.60000000000002,1,1,1.0
17,1,208.55,250.78,94.88,41.859999999999985,1,1,1.0
17,3,493.1,296.95,95.89999999999998,53.60000000000002,1,1,1.0
18,1,208.55,250.78,94.88,41.91,1,1,1.0
18,3,473.8,297.61,95.90000000000003,53.599999999999966,1,1,1.0
19,1,208.55,250.78,94.87,41.96000000000001,1,1,1.0
19,3,457.16,300.9,100.54000000000002,54.31,1,1,1.0
20,1,208.55,250.78,94.87,42.01000000000002,1,1,1.0
20,3,441.18,303.6,100.54000000000002,56.92999999999995,1,1,1.0
21,1,208.55,250.78,94.87,42.059999999999974,1,1,1.0
21,3,421.88,306.3,104.51999999999998,57.56,1,1,1.0
22,1,208.55,250.78,94.87,42.109999999999985,1,1,1.0
22,3,405.19,309.75,104.53000000000003,57.56,1,1,1.0
23,1,208.55,250.78,94.87,42.16,1,1,1.0
23,3,383.3,311.2,109.00999999999999,59.09000000000003,1,1,1.0
24,1,208.55,250.78,94.87,42.21000000000001,1,1,1.0
24,3,368.92,314.08,109.00999999999999,59.09000000000003,1,1,1.0
25,1,208.55,250.78,94.87,42.26000000000002,1,1,1.0
25,3,347.35,318.7,109.01999999999998,59.09000000000003,1,1,1.0
26,1,208.55,250.78,94.87,42.309999999999974,1,1,1.0
26,3,327.79,320.42,109.01999999999998,63.68000000000001,1,1,1.0
27,1,208.55,250.78,94.87,42.359999999999985,1,1,1.0
27,3,308.81,321.0,114.19,67.10000000000002,1,1,1.0
28,1,208.55,250.78,94.87,42.41,1,1,1.0
28,3,289.82,325.6,114.78000000000003,67.09999999999997,1,1,1.0
29,1,208.55,250.78,94.87,42.46000000000001,1,1,1.0
29,3,267.19,328.26,121.41000000000003,67.11000000000001,1,1,1.0
30,1,208.55,250.78,94.87,42.51000000000002,1,1,1.0
30,3,243.8,335.2,123.39999999999998,66.10000000000002,1,1,1.0
31,1,208.55,250.78,94.87,42.559999999999974,1,1,1.0
31,3,218.0,335.2,127.80000000000001,74.10000000000002,1,1,1.0
32,1,208.55,250.78,94.87,42.609999999999985,1,1,1.0
32,3,200.18,342.33,127.80000000000001,74.10000000000002,1,1,1.0
33,1,208.55,250.78,94.87,42.66,1,1,1.0
33,3,174.4,344.39,137.1,74.10000000000002,1,1,1.0
34,1,208.55,250.78,94.87,42.71000000000001,1,1,1.0
34,3,151.72,347.48,137.1,74.09999999999997,1,1,1.0
35,1,208.55,250.78,94.86000000000001,42.77000000000001,1,1,1.0
35,3,125.94,353.67,141.26,74.09999999999997,1,1,1.0
36,1,208.55,250.78,94.86000000000001,42.82000000000002,1,1,1.0
36,3,99.14,358.83,145.36,74.10000000000002,1,1,1.0
37,1,208.55,250.78,94.86000000000001,42.869999999999976,1,1,1.0
37,3,65.12,357.8,156.68,81.31,1,1,1.0
38,1,208.55,250.78,94.86000000000001,42.91999999999999,1,1,1.0
38,3,42.78,363.19,156.69,81.31,1,1,1.0
39,1,208.55,250.78,94.86000000000001,42.97,1,1,1.0
39,3,15.8,373.2,159.0,75.92000000000002,1,1,1.0
40,1,208.55,250.78,94.86000000000001,43.02000000000001,1,1,1.0
40,3,0.49,374.6,152.31,81.17999999999995,1,1,1.0
41,1,208.55,250.78,94.86000000000001,43.07000000000002,1,1,1.0
41,3,0.49,374.6,127.61,81.17999999999995,1,1,1.0
42,1,208.55,250.78,94.86000000000001,43.119999999999976,1,1,1.0
42,3,0.49,386.9,99.91000000000001,83.5,1,1,1.0
43,1,208.55,250.78,94.86000000000001,43.16999999999999,1,1,1.0
43,3,0.49,386.9,77.31,75.5,1,1,1.0
44,1,208.55,250.78,94.86000000000001,43.22,1,1,1.0
44,3,0.0,397.26,77.22,75.5,1,1,1.0
45,1,208.55,250.78,94.86000000000001,43.27000000000001,1,1,1.0
45,3,0.0,397.26,29.1,75.5,1,1,1.0
46,1,208.55,250.78,94.86000000000001,43.32000000000002,1,1,1.0
47,1,208.55,250.78,94.86000000000001,43.369999999999976,1,1,1.0
48,1,208.55,250.78,94.86000000000001,43.41999999999999,1,1,1.0
49,1,208.55,250.78,94.86000000000001,43.47,1,1,1.0
50,1,208.55,250.78,94.86000000000001,43.52000000000001,1,1,1.0
51,1,208.55,250.78,94.86000000000001,43.57000000000002,1,1,1.0
52,1,208.55,250.78,94.84999999999997,43.619999999999976,1,1,1.0
53,1,208.55,250.78,94.84999999999997,43.66999999999999,1,1,1.0
54,1,208.55,250.78,94.84999999999997,43.72,1,1,1.0
55,1,208.55,250.78,94.84999999999997,43.77000000000001,1,1,1.0
55,4,933.54,225.67,26.460000000000036,66.80000000000004,1,1,1.0
56,1,208.55,250.78,94.84999999999997,43.82000000000002,1,1,1.0
56,4,927.8,225.67,32.200000000000045,66.80000000000004,1,1,1.0
57,1,208.55,250.78,94.84999999999997,43.869999999999976,1,1,1.0
57,4,920.9,225.67,39.10000000000002,66.80000000000004,1,1,1.0
58,1,208.55,250.78,94.84999999999997,43.91999999999999,1,1,1.0
58,4,912.6,225.67,47.39999999999998,66.80000000000004,1,1,1.0
59,1,208.55,250.78,94.84999999999997,43.97,1,1,1.0
59,4,912.6,225.67,47.39999999999998,72.83000000000001,1,1,1.0
60,1,208.55,250.78,94.84999999999997,44.02000000000001,1,1,1.0
60,4,903.1,225.67,56.89999999999998,72.83000000000001,1,1,1.0
61,1,208.55,250.78,94.75999999999999,44.190000000000026,1,1,1.0
61,4,898.5,225.67,61.5,72.83000000000001,1,1,1.0
62,1,208.55,250.78,94.68,44.369999999999976,1,1,1.0
62,4,893.9,225.67,66.10000000000002,72.83000000000001,1,1,1.0
63,1,208.55,250.78,94.58999999999997,44.53999999999999,1,1,1.0
63,4,888.6,225.67,71.39999999999998,79.03,1,1,1.0
64,1,208.55,250.78,94.5,44.72,1,1,1.0
64,4,885.2,225.24,74.79999999999995,79.02999999999997,1,1,1.0
65,1,208.55,250.78,94.42000000000002,44.890000000000015,1,1,1.0
65,4,879.0,225.24,81.0,79.02999999999997,1,1,1.0
66,1,208.55,250.78,94.32999999999998,45.059999999999974,1,1,1.0
66,4,871.7,227.82,88.29999999999995,79.01999999999998,1,1,1.0
67,1,208.55,250.78,94.24000000000001,45.23999999999998,1,1,1.0
67,4,864.4,230.4,95.60000000000002,78.99999999999997,1,1,1.0
68,1,208.55,250.78,94.14999999999998,45.41,1,1,1.0
68,4,860.5,230.4,99.5,78.99999999999997,1,1,1.0
69,1,208.55,250.78,94.07,45.59,1,1,1.0
69,4,854.5,230.4,105.5,78.99999999999997,1,1,1.0
70,1,208.55,250.78,93.97999999999996,45.76000000000002,1,1,1.0
70,4,848.1,229.5,111.89999999999998,79.89999999999998,1,1,1.0
71,1,208.55,250.78,93.88999999999999,45.92999999999998,1,1,1.0
71,4,842.1,226.5,117.89999999999998,85.89999999999998,1,1,1.0
72,1,208.55,250.78,93.81,46.109999999999985,1,1,1.0
72,4,832.2,227.8,127.79999999999995,84.59999999999997,1,1,1.0
73,1,208.55,250.78,93.71999999999997,46.28,1,1,1.0
73,4,826.2,228.2,133.79999999999995,89.40000000000003,1,1,1.0
74,1,208.55,250.78,93.63,46.45000000000002,1,1,1.0
74,4,821.0,228.2,139.0,89.40000000000003,1,1,1.0
75,1,208.55,250.78,93.55000000000001,46.630000000000024,1,1,1.0
75,4,812.0,230.3,148.0,89.39999999999998,1,1,1.0
76,1,208.55,250.78,93.45999999999998,46.79999999999998,1,1,1.0
76,4,803.4,232.9,156.60000000000002,86.79999999999998,1,1,1.0
77,1,208.55,250.78,93.37,46.97999999999999,1,1,1.0
77,4,803.4,232.9,156.60000000000002,93.70000000000002,1,1,1.0
78,1,208.55,250.78,93.27999999999997,47.150000000000006,1,1,1.0
78,4,787.4,234.5,170.39999999999998,91.10000000000002,1,1,1.0
79,1,208.55,250.78,93.19999999999999,47.32000000000002,1,1,1.0
79,4,778.1,234.5,174.5,91.10000000000002,1,1,1.0
80,1,208.55,250.78,93.11000000000001,47.49999999999997,1,1,1.0
80,4,770.1,236.1,178.0,95.29999999999998,1,1,1.0
81,1,208.55,250.78,93.01999999999998,47.66999999999999,1,1,1.0
81,4,761.4,236.7,180.0,94.69999999999999,1,1,1.0
82,1,208.55,250.78,92.94,47.849999999999994,1,1,1.0
82,4,753.7,237.5,182.54999999999995,96.94999999999999,1,1,1.0
82,5,738.83,259.12,28.839999999999918,31.819999999999993,1,1,1.0
82,6,932.09,238.23,14.110000000000014,33.04999999999998,1,1,1.0
83,1,208.55,250.78,92.84999999999997,48.02000000000001,1,1,1.0
83,4,745.99,238.31,185.11,99.19,1,1,1.0
83,5,730.5,259.12,27.5,31.819999999999993,1,1,1.0
83,6,929.5,238.23,10.019999999999982,33.04999999999998,1,1,1.0
84,1,208.55,250.78,92.84999999999997,47.92999999999998,1,1,1.0
84,4,735.4,238.31,189.0,101.79000000000002,1,1,1.0
84,5,719.3,262.7,38.700000000000045,28.24000000000001,1,1,1.0
84,6,919.87,240.46,13.710000000000036,33.04999999999998,1,1,1.0
85,1,208.55,250.78,92.84999999999997,47.83000000000001,1,1,1.0
85,4,725.7,240.2,191.5999999999999,98.40000000000003,1,1,1.0
85,5,707.79,263.07,33.91000000000008,28.24000000000001,1,1,1.0
85,6,914.67,240.46,13.710000000000036,33.04999999999998,1,1,1.0
86,1,208.55,250.78,92.84999999999997,47.73999999999998,1,1,1.0
86,4,716.0,240.2,195.70000000000005,102.10000000000002,1,1,1.0
86,5,697.76,262.7,33.90999999999997,30.49000000000001,1,1,1.0
86,6,907.62,240.08,13.700000000000045,33.059999999999974,1,1,1.0
87,1,208.55,250.78,92.84999999999997,47.650000000000006,1,1,1.0
87,4,707.1,241.3,200.5,105.80000000000001,1,1,1.0
87,5,686.99,263.44,33.90999999999997,30.49000000000001,1,1,1.0
87,6,901.67,240.46,13.710000000000036,33.04999999999998,1,1,1.0
88,1,208.55,250.78,92.84999999999997,47.54999999999998,1,1,1.0
88,4,697.4,242.8,202.0,105.80000000000001,1,1,1.0
88,5,675.1,262.7,37.60000000000002,31.970000000000027,1,1,1.0
88,6,894.62,241.2,16.279999999999973,37.5,1,1,1.0
89,1,208.55,250.78,92.84999999999997,47.46000000000001,1,1,1.0
89,4,688.5,242.8,204.5,109.09999999999997,1,1,1.0
89,5,662.8,262.7,40.200000000000045,33.400000000000034,1,1,1.0
89,6,890.73,241.75,16.289999999999964,37.5,1,1,1.0
90,1,208.55,250.78,92.84999999999997,47.359999999999985,1,1,1.0
90,4,679.1,245.4,207.19999999999993,108.70000000000002,1,1,1.0
90,5,652.0,262.7,40.0,33.400000000000034,1,1,1.0
90,6,884.74,242.71,16.279999999999973,37.49999999999997,1,1,1.0
91,1,208.55,250.78,92.84999999999997,47.27000000000001,1,1,1.0
91,4,666.0,246.8,213.20000000000005,110.5,1,1,1.0
91,5,639.5,262.7,52.5,34.80000000000001,1,1,1.0
91,6,874.79,243.68,16.280000000000086,37.5,1,1,1.0
92,1,208.55,250.78,92.84999999999997,47.17999999999998,1,1,1.0
92,4,654.81,247.84,215.09000000000003,110.49999999999997,1,1,1.0
92,5,626.65,264.15,52.5,34.80000000000001,1,1,1.0
92,6,866.44,245.28,16.279999999999973,37.49999999999997,1,1,1.0
93,1,208.55,250.78,92.84999999999997,47.08000000000001,1,1,1.0
93,4,642.9,247.84,221.89999999999998,110.49999999999997,1,1,1.0
93,5,612.8,264.15,66.35000000000002,35.75,1,1,1.0
93,6,861.3,244.96,16.290000000000077,37.49999999999997,1,1,1.0
94,1,208.55,250.78,92.84999999999997,46.98999999999998,1,1,1.0
94,4,631.94,249.12,224.19999999999993,116.56,1,1,1.0
94,5,602.53,265.11,66.35000000000002,35.75,1,1,1.0
94,6,855.2,245.3,13.719999999999914,35.879999999999995,1,1,1.0
95,1,208.55,250.78,92.84999999999997,46.900000000000006,1,1,1.0
95,4,620.4,249.12,229.0,116.56,1,1,1.0
95,5,590.97,265.11,66.35000000000002,35.75,1,1,1.0
95,6,832.73,245.3,26.569999999999936,31.099999999999966,1,1,1.0
96,1,208.55,250.78,92.84999999999997,46.79999999999998,1,1,1.0
96,4,607.9,250.7,233.5,119.19999999999999,1,1,1.0
96,5,576.53,266.72,66.35000000000002,35.75,1,1,1.0
96,6,832.73,245.3,18.569999999999936,30.5,1,1,1.0
97,1,208.55,250.78,92.84999999999997,46.71000000000001,1,1,1.0
97,4,597.91,252.09,235.99,119.20000000000002,1,1,1.0
97,5,565.2,266.72,77.67999999999995,35.97999999999996,1,1,1.0
97,6,810.3,246.1,41.0,29.700000000000017,1,1,1.0
98,1,208.55,250.78,92.84999999999997,46.609999999999985,1,1,1.0
98,4,583.5,252.09,242.89999999999998,126.71000000000001,1,1,1.0
98,5,551.05,267.27,77.68000000000006,35.98000000000002,1,1,1.0
98,6,815.3,246.93,19.08000000000004,29.69999999999999,1,1,1.0
99,1,208.55,250.78,92.84999999999997,46.52000000000001,1,1,1.0
99,4,571.58,254.66,248.0999999999999,126.71000000000001,1,1,1.0
99,5,540.5,267.27,89.79999999999995,35.98000000000002,1,1,1.0
99,6,789.9,248.21,39.65999999999997,21.68999999999997,1,1,1.0
100,1,208.55,250.78,92.84999999999997,46.52000000000001,1,1,1.0
100,4,560.67,255.94,248.09000000000003,126.70999999999998,1,1,1.0
100,5,526.05,269.2,89.80000000000007,35.98000000000002,1,1,1.0
100,6,766.2,249.18,51.15999999999997,13.920000000000016,1,1,1.0
101,1,208.55,250.78,92.84999999999997,46.52000000000001,1,1,1.0
101,4,545.25,258.92,257.54999999999995,126.71999999999997,1,1,1.0
101,5,511.14,269.2,89.80000000000007,35.98000000000002,1,1,1.0
101,6,749.1,248.18,54.34000000000003,17.420000000000016,1,1,1.0
102,1,208.55,250.78,92.84999999999997,46.52000000000001,1,1,1.0
102,4,534.31,258.43,257.55000000000007,130.67000000000002,1,1,1.0
102,5,496.22,270.19,89.79999999999995,35.98000000000002,1,1,1.0
102,6,739.62,249.2,56.379999999999995,17.69999999999999,1,1,1.0
103,1,208.55,250.78,92.84999999999997,46.52000000000001,1,1,1.0
103,4,519.2,259.71,265.28,132.89000000000004,1,1,1.0
103,5,482.42,272.12,89.80000000000001,35.98000000000002,1,1,1.0
103,6,727.74,250.48,56.379999999999995,17.700000000000017,1,1,1.0
104,1,208.55,250.78,92.84999999999997,46.52000000000001,1,1,1.0
104,4,506.36,264.8,272.34000000000003,137.11,1,1,1.0
104,5,470.86,270.84,89.79999999999995,35.98000000000002,1,1,1.0
104,6,713.94,251.77,62.15999999999997,17.700000000000017,1,1,1.0
105,1,208.55,250.78,92.84999999999997,46.52000000000001,1,1,1.0
105,4,492.56,262.6,276.84,137.5,1,1,1.0
105,5,455.13,272.76,89.79999999999995,35.98000000000002,1,1,1.0
105,6,701.9,252.2,62.17000000000007,17.69999999999999,1,1,1.0
106,1,208.55,250.78,92.84999999999997,46.52000000000001,1,1,1.0
106,4,475.87,273.0,282.63,131.7,1,1,1.0
106,5,440.18,272.76,89.80000000000001,35.98000000000002,1,1,1.0
106,6,685.22,252.2,69.67999999999995,20.600000000000023,1,1,1.0
106,7,938.03,211.38,21.970000000000027,55.23000000000002,1,1,1.0
107,1,208.55,250.78,92.84999999999997,46.52000000000001,1,1,1.0
107,4,460.34,267.2,289.56,141.5,1,1,1.0
107,5,425.79,272.19,105.31,35.98000000000002,1,1,1.0
107,6,673.71,252.77,69.68999999999994,20.609999999999985,1,1,1.0
107,7,931.7,211.38,28.299999999999955,55.23000000000002,1,1,1.0
108,1,208.55,250.78,92.84999999999997,46.52000000000001,1,1,1.0
108,4,444.8,269.5,294.17,147.3,1,1,1.0
108,5,411.99,275.06,105.29999999999995,35.98000000000002,1,1,1.0
108,6,659.91,252.77,70.79000000000008,20.609999999999985,1,1,1.0
108,7,928.2,211.38,31.799999999999955,57.51999999999998,1,1,1.0
109,1,208.55,250.78,92.84999999999997,46.52000000000001,1,1,1.0
109,4,426.3,271.23,302.89000000000004,146.16999999999996,1,1,1.0
109,5,396.45,274.5,105.31,38.26999999999998,1,1,1.0
109,6,643.23,253.35,79.37,20.599999999999994,1,1,1.0
109,7,923.6,211.38,36.39999999999998,57.51999999999998,1,1,1.0
110,1,208.55,250.78,92.84999999999997,46.52000000000001,1,1,1.0
110,4,408.7,271.23,311.00000000000006,155.16999999999996,1,1,1.0
110,5,384.94,274.1,107.16000000000003,39.77999999999997,1,1,1.0
110,6,625.61,255.5,90.09000000000003,20.600000000000023,1,1,1.0
110,7,920.3,211.38,39.700000000000045,60.22000000000003,1,1,1.0
111,1,208.55,250.78,92.84999999999997,46.52000000000001,1,1,1.0
111,4,395.28,273.2,314.52,158.2,1,1,1.0
111,5,372.29,276.76,107.15999999999997,39.79000000000002,1,1,1.0
111,6,610.19,257.49,90.09999999999991,20.599999999999966,1,1,1.0
111,7,918.3,211.38,41.700000000000045,64.72000000000003,1,1,1.0
112,1,208.55,250.78,92.84999999999997,46.52000000000001,1,1,1.0
112,4,376.4,275.2,322.5,156.2,1,1,1.0
112,5,355.89,277.26,107.16000000000003,39.78000000000003,1,1,1.0
112,6,599.25,258.48,90.10000000000002,20.599999999999966,1,1,1.0
112,7,914.3,211.38,45.700000000000045,64.72000000000003,1,1,1.0
113,1,208.55,250.78,92.84999999999997,46.52000000000001,1,1,1.0
113,4,357.51,275.2,331.89,163.7,1,1,1.0
113,5,341.47,277.76,109.63,39.78000000000003,1,1,1.0
113,6,578.37,257.0,96.52999999999997,27.05000000000001,1,1,1.0
113,7,907.3,211.38,52.700000000000045,64.72000000000003,1,1,1.0
114,1,208.55,250.78,92.84999999999997,46.52000000000001,1,1,1.0
114,4,340.1,277.2,337.4,171.10000000000002,1,1,1.0
114,5,326.55,278.75,114.64999999999998,39.79000000000002,1,1,1.0
114,6,564.45,259.0,97.54999999999995,27.54000000000002,1,1,1.0
114,7,902.3,211.38,57.700000000000045,64.72000000000003,1,1,1.0
115,1,208.55,250.78,92.84999999999997,46.52000000000001,1,1,1.0
115,4,321.12,284.68,345.48,163.62,1,1,1.0
115,5,311.02,279.9,114.65000000000003,39.79000000000002,1,1,1.0
115,6,553.86,257.7,96.24000000000001,29.480000000000018,1,1,1.0
115,7,897.8,214.0,62.200000000000045,59.5,1,1,1.0
116,1,208.55,250.78,92.84999999999997,46.52000000000001,1,1,1.0
116,4,301.78,282.1,355.82000000000005,171.79999999999995,1,1,1.0
116,5,297.27,280.76,114.65000000000003,39.79000000000002,1,1,1.0
116,6,546.12,258.1,96.24000000000001,25.21999999999997,1,1,1.0
116,7,893.6,214.0,66.39999999999998,59.5,1,1,1.0
117,1,208.55,250.78,92.84999999999997,46.52000000000001,1,1,1.0
117,4,282.8,282.1,362.7,175.79999999999995,1,1,1.0
117,5,282.04,282.62,114.64999999999998,39.77999999999997,1,1,1.0
117,6,521.4,261.3,104.0,29.399999999999977,1,1,1.0
117,7,889.1,214.0,70.89999999999998,59.5,1,1,1.0
118,1,208.55,250.78,92.84999999999997,46.52000000000001,1,1,1.0
118,4,261.9,286.1,371.20000000000005,177.29999999999995,1,1,1.0
118,5,265.7,281.5,114.65000000000003,39.79000000000002,1,1,1.0
118,6,506.49,262.3,108.00999999999999,30.389999999999986,1,1,1.0
118,7,882.6,214.0,77.39999999999998,63.5,1,1,1.0
119,1,208.55,250.78,92.84999999999997,46.52000000000001,1,1,1.0
119,4,241.8,286.1,379.8,187.7,1,1,1.0
119,5,251.09,282.4,116.80999999999997,42.76000000000005,1,1,1.0
119,6,489.47,261.0,110.92999999999995,35.22000000000003,1,1,1.0
119,7,877.5,215.9,82.5,59.99999999999997,1,1,1.0
120,1,208.55,250.78,92.84999999999997,46.52000000000001,1,1,1.0
120,4,218.4,290.2,391.30000000000007,183.60000000000002,1,1,1.0
120,5,235.86,282.4,116.81,42.76000000000005,1,1,1.0
120,6,477.96,262.86,110.93,35.20999999999998,1,1,1.0
120,7,871.56,216.27,82.49000000000001,59.99999999999997,1,1,1.0
121,1,208.55,250.78,92.84999999999997,46.52000000000001,1,1,1.0
121,4,197.0,291.7,400.79999999999995,190.10000000000002,1,1,1.0
121,5,218.46,286.38,116.80999999999997,42.75,1,1,1.0
121,6,463.57,262.62,110.93,35.20999999999998,1,1,1.0
121,7,866.58,217.27,82.5,59.99999999999997,1,1,1.0
122,1,208.55,250.78,92.84999999999997,46.52000000000001,1,1,1.0
122,4,169.3,293.0,413.99999999999994,195.5,1,1,1.0
122,5,204.04,286.88,116.81000000000003,42.75,1,1,1.0
122,6,447.66,263.6,110.93,39.20999999999998,1,1,1.0
122,7,862.42,217.27,82.5,59.99999999999997,1,1,1.0
123,1,208.55,250.78,92.84999999999997,46.52000000000001,1,1,1.0
123,4,146.3,296.5,424.3,197.2,1,1,1.0
123,5,185.19,289.09,120.41000000000003,42.76000000000005,1,1,1.0
123,6,434.34,265.26,110.93,39.210000000000036,1,1,1.0
123,7,857.93,218.87,82.5,60.0,1,1,1.0
124,1,208.55,250.78,92.84999999999997,46.52000000000001,1,1,1.0
124,4,119.9,298.49,436.30000000000007,203.20999999999998,1,1,1.0
124,5,167.46,288.9,122.23999999999998,44.200000000000045,1,1,1.0
124,6,419.7,265.26,110.53000000000003,41.34000000000003,1,1,1.0
124,7,853.43,219.83,82.5,59.99999999999997,1,1,1.0
125,1,208.55,250.78,92.84999999999997,46.52000000000001,1,1,1.0
125,4,80.69,305.62,436.3,203.20999999999998,1,1,1.0
125,5,150.71,289.82,121.72999999999999,45.18000000000001,1,1,1.0
125,6,404.84,266.04,112.14000000000004,42.329999999999984,1,1,1.0
125,7,846.04,220.03,84.26999999999998,60.53999999999999,1,1,1.0
126,1,208.55,250.78,92.84999999999997,46.52000000000001,1,1,1.0
126,4,57.45,307.69,461.75000000000006,204.59999999999997,1,1,1.0
126,5,133.97,290.74,121.21000000000001,46.15999999999997,1,1,1.0
126,6,389.97,266.81,113.76999999999998,43.329999999999984,1,1,1.0
126,7,838.65,220.22,86.04000000000008,61.08000000000001,1,1,1.0
127,1,208.55,250.78,92.84999999999997,46.52000000000001,1,1,1.0
127,4,34.2,309.77,487.2,205.98000000000002,1,1,1.0
127,5,117.22,291.66,120.69999999999999,47.139999999999986,1,1,1.0
127,6,375.11,267.58,115.38999999999999,44.33000000000004,1,1,1.0
127,7,831.25,220.41,87.82000000000005,61.619999999999976,1,1,1.0
128,1,208.55,250.78,92.84999999999997,46.52000000000001,1,1,1.0
128,4,7.9,308.3,497.34000000000003,221.59999999999997,1,1,1.0
128,5,100.48,292.58,120.17999999999999,48.120000000000005,1,1,1.0
128,6,360.24,268.36,117.01999999999998,45.329999999999984,1,1,1.0
128,7,823.86,220.61,89.59000000000003,62.14999999999998,1,1,1.0
129,1,208.55,250.78,92.84999999999997,46.52000000000001,1,1,1.0
129,4,1.2,310.97,484.3,226.82999999999993,1,1,1.0
129,5,83.73,293.5,119.67,49.10000000000002,1,1,1.0
129,6,345.38,269.13,118.63,46.329999999999984,1,1,1.0
129,7,816.47,220.8,91.35000000000002,62.69,1,1,1.0
130,1,208.55,250.78,92.84999999999997,46.52000000000001,1,1,1.0
130,4,0.96,313.63,469.1,224.61,1,1,1.0
130,5,66.98,294.42,119.15999999999998,50.079999999999984,1,1,1.0
130,6,330.52,269.91,120.25,47.31999999999999,1,1,1.0
130,7,809.07,220.99,93.13,63.23000000000002,1,1,1.0
131,1,208.55,250.78,92.84999999999997,46.52000000000001,1,1,1.0
131,4,0.72,316.3,453.9,222.37999999999994,1,1,1.0
131,5,50.24,295.34,118.63999999999999,51.05000000000001,1,1,1.0
131,6,315.65,270.68,121.88,48.31999999999999,1,1,1.0
131,7,801.68,221.19,94.90000000000009,63.76999999999998,1,1,1.0
132,1,208.55,250.78,92.84999999999997,46.52000000000001,1,1,1.0
132,4,0.48,318.97,438.7,220.14999999999998,1,1,1.0
132,5,33.49,296.26,118.13,52.03000000000003,1,1,1.0
132,6,300.79,271.45,123.5,49.31999999999999,1,1,1.0
132,7,794.29,221.38,96.67000000000007,64.31,1,1,1.0
133,1,208.55,250.78,92.84999999999997,46.52000000000001,1,1,1.0
133,4,0.24,321.63,423.5,217.92999999999995,1,1,1.0
133,5,16.75,297.18,117.61000000000001,53.00999999999999,1,1,1.0
133,6,285.93,272.23,125.11000000000001,50.31,1,1,1.0
133,7,786.89,221.57,98.45000000000005,64.85000000000002,1,1,1.0
134,1,208.55,250.78,92.84999999999997,46.52000000000001,1,1,1.0
134,4,0.0,324.3,408.3,215.7,1,1,1.0
134,5,0.0,298.1,117.1,53.98999999999995,1,1,1.0
134,6,271.06,273.0,126.74000000000001,51.31,1,1,1.0
134,7,779.5,221.77,100.22000000000003,65.37999999999997,1,1,1.0
135,1,208.55,250.78,92.84999999999997,46.52000000000001,1,1,1.0
135,4,0.0,327.87,389.6,212.13,1,1,1.0
135,5,0.0,299.9,102.8,52.19,1,1,1.0
135,6,253.77,273.89,128.53,52.03000000000003,1,1,1.0
135,7,772.11,221.96,101.98000000000002,65.91999999999999,1,1,1.0
136,1,208.55,250.78,92.84999999999997,46.52000000000001,1,1,1.0
136,4,0.0,331.43,370.9,208.57,1,1,1.0
136,5,0.0,299.9,85.9,52.19,1,1,1.0
136,6,236.49,274.78,130.31,52.74000000000001,1,1,1.0
136,7,764.71,222.15,103.75999999999999,66.46000000000001,1,1,1.0
137,1,208.55,250.78,92.84999999999997,46.52000000000001,1,1,1.0
137,4,0.0,335.0,352.2,205.0,1,1,1.0
137,5,0.0,299.9,74.3,52.19,1,1,1.0
137,6,219.2,275.67,132.10000000000002,53.45999999999998,1,1,1.0
137,7,757.32,222.35,105.52999999999997,66.98999999999998,1,1,1.0
137,8,690.1,505.65,135.74,34.35000000000002,1,1,1.0
138,1,208.55,250.78,92.84999999999997,46.52000000000001,1,1,1.0
138,4,0.0,336.7,327.5,203.3,1,1,1.0
138,5,0.0,302.57,48.5,52.19,1,1,1.0
138,6,201.91,276.56,133.89000000000001,54.170000000000016,1,1,1.0
138,7,749.93,222.54,107.30000000000007,67.53999999999999,1,1,1.0
138,8,699.19,500.9,137.2299999999999,39.10000000000002,1,1,1.0
139,1,208.55,250.78,92.84999999999997,46.52000000000001,1,1,1.0
139,4,0.0,340.1,310.9,199.89999999999998,1,1,1.0
139,5,0.0,310.6,29.8,44.15999999999997,1,1,1.0
139,6,184.63,277.45,135.67000000000002,54.879999999999995,1,1,1.0
139,7,742.53,222.73,109.08000000000004,68.08000000000001,1,1,1.0
139,8,708.28,496.16,138.72000000000003,43.839999999999975,1,1,1.0
140,1,208.55,250.78,92.84999999999997,46.52000000000001,1,1,1.0
140,4,0.0,346.6,295.1,193.39999999999998,1,1,1.0
140,6,167.34,278.34,137.46,55.60000000000002,1,1,1.0
140,7,735.14,222.93,110.85000000000002,68.61000000000001,1,1,1.0
140,8,717.37,491.41,140.20000000000005,48.589999999999975,1,1,1.0
141,1,208.55,250.78,92.84999999999997,46.52000000000001,1,1,1.0
141,4,0.0,348.4,273.7,191.60000000000002,1,1,1.0
141,6,150.05,279.23,139.25,56.31,1,1,1.0
141,7,727.75,223.12,112.61000000000001,69.14999999999998,1,1,1.0
141,8,726.46,486.66,141.68999999999994,53.339999999999975,1,1,1.0
142,1,208.55,250.78,92.84999999999997,46.52000000000001,1,1,1.0
142,4,0.0,350.2,252.3,189.8,1,1,1.0
142,6,132.76,280.12,141.04000000000002,57.02999999999997,1,1,1.0
142,7,720.35,223.31,114.38999999999999,69.69,1,1,1.0
142,8,735.55,481.92,143.17000000000007,58.079999999999984,1,1,1.0
143,1,208.55,250.78,92.84999999999997,46.52000000000001,1,1,1.0
143,4,0.0,357.3,226.5,182.7,1,1,1.0
143,6,115.48,281.01,142.82,57.74000000000001,1,1,1.0
143,7,712.96,223.51,116.15999999999997,70.22000000000003,1,1,1.0
143,8,744.64,477.17,144.65999999999997,62.829999999999984,1,1,1.0
144,1,208.55,250.78,92.84999999999997,46.52000000000001,1,1,1.0
144,4,0.0,360.0,205.1,180.0,1,1,1.0
144,6,98.19,281.9,144.61,58.450000000000045,1,1,1.0
144,7,705.57,223.7,117.92999999999995,70.77000000000004,1,1,1.0
144,8,755.39,472.43,141.61,65.41000000000003,1,1,1.0
145,1,208.55,250.78,92.84999999999997,46.52000000000001,1,1,1.0
145,4,0.0,367.1,179.3,172.89999999999998,1,1,1.0
145,6,84.2,282.79,141.37,59.47999999999996,1,1,1.0
145,7,697.08,224.19,118.59999999999991,70.99000000000001,1,1,1.0
145,8,766.14,467.68,138.56000000000006,68.01000000000005,1,1,1.0
146,1,208.55,250.78,92.84999999999997,46.52000000000001,1,1,1.0
146,4,0.0,373.8,155.25,166.2,1,1,1.0
146,6,70.21,283.67,138.13,60.50999999999999,1,1,1.0
146,7,688.59,224.68,119.25999999999999,71.20999999999998,1,1,1.0
146,8,776.89,462.93,135.51,70.59999999999997,1,1,1.0
147,1,208.55,250.78,92.84999999999997,46.52000000000001,1,1,1.0
147,4,0.0,380.5,131.2,159.5,1,1,1.0
147,6,56.21,284.56,134.9,61.54000000000002,1,1,1.0
147,7,680.11,225.18,119.91999999999996,71.43,1,1,1.0
147,8,787.65,458.19,132.45000000000005,73.18,1,1,1.0
148,1,208.55,250.78,92.84999999999997,46.52000000000001,1,1,1.0
148,4,0.0,389.4,106.7,150.60000000000002,1,1,1.0
148,6,42.22,285.44,131.67,62.56999999999999,1,1,1.0
148,7,671.62,225.67,120.59000000000003,71.65,1,1,1.0
148,8,798.4,453.44,129.39999999999998,75.77000000000004,1,1,1.0
149,1,208.55,250.78,92.84999999999997,46.52000000000001,1,1,1.0
149,4,0.0,398.3,82.2,141.7,1,1,1.0
149,6,28.23,286.33,128.43,63.60000000000002,1,1,1.0
149,7,663.14,226.16,121.24000000000001,71.88000000000002,1,1,1.0
149,8,809.15,448.69,126.35000000000002,78.36999999999995,1,1,1.0
150,1,208.55,250.78,92.84999999999997,46.52000000000001,1,1,1.0
150,4,0.0,409.9,46.6,130.10000000000002,1,1,1.0
150,6,14.24,287.21,125.19000000000001,64.63,1,1,1.0
150,7,654.65,226.65,121.90999999999997,72.1,1,1,1.0
150,8,819.9,443.95,123.30000000000007,80.94999999999999,1,1,1.0
151,1,208.55,250.78,92.84999999999997,46.52000000000001,1,1,1.0
151,6,0.24,288.1,121.96000000000001,65.65999999999997,1,1,1.0
151,7,646.16,227.15,122.58000000000004,72.30999999999997,1,1,1.0
151,8,827.33,439.2,118.26999999999998,81.19999999999999,1,1,1.0
152,1,208.55,250.78,92.84999999999997,46.52000000000001,1,1,1.0
152,6,0.24,290.17,104.43,63.589999999999975,1,1,1.0
152,7,637.68,227.64,123.24000000000001,72.54000000000002,1,1,1.0
152,8,834.76,434.46,113.24000000000001,81.44,1,1,1.0
153,1,208.55,250.78,92.84999999999997,46.52000000000001,1,1,1.0
153,6,0.24,292.23,86.89,61.52999999999997,1,1,1.0
153,7,629.19,228.13,123.89999999999998,72.75999999999999,1,1,1.0
153,8,842.19,429.71,108.20999999999992,81.69,1,1,1.0
154,1,208.55,250.78,92.84999999999997,46.52000000000001,1,1,1.0
154,6,0.24,294.3,69.36,59.45999999999998,1,1,1.0
154,7,620.71,228.62,124.55999999999995,72.98000000000002,1,1,1.0
154,8,849.61,424.96,103.18999999999994,81.94,1,1,1.0
155,1,208.55,250.78,92.84999999999997,46.52000000000001,1,1,1.0
155,6,0.24,297.4,50.309999999999995,56.360000000000014,1,1,1.0
155,7,612.22,229.12,125.23000000000002,73.19999999999999,1,1,1.0
155,8,857.04,420.22,98.16000000000008,82.17999999999995,1,1,1.0
156,1,208.55,250.78,92.84999999999997,46.52000000000001,1,1,1.0
156,6,0.24,300.5,31.26,53.25999999999999,1,1,1.0
156,7,603.73,229.61,125.88999999999999,73.41999999999996,1,1,1.0
156,8,864.47,415.47,93.13,82.42999999999995,1,1,1.0
157,1,208.55,250.78,92.84999999999997,46.52000000000001,1,1,1.0
157,7,595.25,230.1,126.54999999999995,73.64000000000001,1,1,1.0
157,8,871.9,410.73,88.10000000000002,82.66999999999996,1,1,1.0
158,1,208.55,250.78,92.84999999999997,46.52000000000001,1,1,1.0
158,7,584.49,229.94,127.31999999999994,74.72000000000003,1,1,1.0
158,8,877.9,407.72,82.10000000000002,81.02999999999997,1,1,1.0
159,1,208.55,250.78,92.84999999999997,46.52000000000001,1,1,1.0
159,7,573.73,229.78,128.09000000000003,75.78999999999999,1,1,1.0
159,8,883.9,404.71,76.10000000000002,79.39000000000004,1,1,1.0
160,1,208.55,250.78,92.84999999999997,46.52000000000001,1,1,1.0
160,7,562.97,229.62,128.85000000000002,76.86000000000001,1,1,1.0
160,8,889.9,401.71,70.10000000000002,77.74000000000001,1,1,1.0
161,1,208.55,250.78,92.84999999999997,46.52000000000001,1,1,1.0
161,7,552.22,229.47,129.61,77.91999999999999,1,1,1.0
161,8,895.9,398.7,64.10000000000002,76.10000000000002,1,1,1.0
162,1,208.55,250.78,92.84999999999997,46.52000000000001,1,1,1.0
162,7,541.46,229.31,130.38,78.99000000000001,1,1,1.0
162,8,901.55,395.38,58.450000000000045,73.92000000000002,1,1,1.0
163,1,208.55,250.78,92.84999999999997,46.52000000000001,1,1,1.0
163,7,530.7,229.15,131.14999999999998,80.07000000000002,1,1,1.0
163,8,907.2,392.05,52.799999999999955,71.75,1,1,1.0
164,1,208.55,250.78,92.84999999999997,46.52000000000001,1,1,1.0
164,7,519.94,228.99,131.90999999999997,81.13999999999999,1,1,1.0
164,8,912.85,388.73,47.14999999999998,69.57,1,1,1.0
165,1,208.55,250.78,92.84999999999997,46.52000000000001,1,1,1.0
165,7,509.19,228.83,132.67000000000002,82.21000000000001,1,1,1.0
165,8,918.5,385.4,41.5,67.40000000000003,1,1,1.0
166,1,208.55,250.78,92.84999999999997,46.52000000000001,1,1,1.0
166,7,498.43,228.67,133.44,83.28,1,1,1.0
166,8,924.8,382.75,35.200000000000045,70.05000000000001,1,1,1.0
167,1,208.55,250.78,92.84999999999997,46.52000000000001,1,1,1.0
167,7,487.67,228.51,134.20999999999998,84.35000000000002,1,1,1.0
167,8,931.1,380.1,28.899999999999977,72.69999999999999,1,1,1.0
168,1,208.55,250.78,92.84999999999997,46.52000000000001,1,1,1.0
168,7,476.91,228.35,134.96999999999997,85.42999999999998,1,1,1.0
168,8,931.1,380.1,28.899999999999977,72.69999999999999,1,1,1.0
169,1,208.55,250.78,92.84999999999997,46.52000000000001,1,1,1.0
169,7,466.16,228.2,135.72999999999996,86.49000000000001,1,1,1.0
169,8,931.1,380.1,28.899999999999977,72.69999999999999,1,1,1.0
170,1,208.55,250.78,92.84999999999997,46.52000000000001,1,1,1.0
170,7,455.4,228.04,136.5,87.56000000000003,1,1,1.0
171,1,208.55,250.78,92.84999999999997,46.52000000000001,1,1,1.0
171,7,444.09,228.98,137.10000000000008,87.51000000000002,1,1,1.0
172,1,208.55,250.78,92.84999999999997,46.52000000000001,1,1,1.0
172,7,432.79,229.92,137.7,87.46000000000001,1,1,1.0
173,1,208.55,250.78,92.84999999999997,46.52000000000001,1,1,1.0
173,7,421.48,230.86,138.29999999999995,87.40999999999997,1,1,1.0
174,1,208.55,250.78,92.84999999999997,46.52000000000001,1,1,1.0
174,7,410.18,231.81,138.90000000000003,87.35000000000002,1,1,1.0
175,1,208.55,250.78,92.84999999999997,46.52000000000001,1,1,1.0
175,7,398.87,232.75,139.5,87.30000000000001,1,1,1.0
176,1,208.55,250.78,92.84999999999997,46.52000000000001,1,1,1.0
176,7,387.57,233.69,140.09999999999997,87.25,1,1,1.0
177,1,208.55,250.78,92.84999999999997,46.52000000000001,1,1,1.0
177,7,376.26,234.63,140.70000000000005,87.19999999999999,1,1,1.0
178,1,208.55,250.78,92.84999999999997,46.52000000000001,1,1,1.0
178,7,364.96,235.57,141.3,87.15000000000003,1,1,1.0
179,1,208.55,250.78,92.84999999999997,46.52000000000001,1,1,1.0
179,7,353.65,236.52,141.90000000000003,87.09,1,1,1.0
180,1,208.55,250.78,92.84999999999997,46.52000000000001,1,1,1.0
180,7,342.35,237.46,142.5,87.03,1,1,1.0
181,1,208.55,250.78,92.84999999999997,46.52000000000001,1,1,1.0
181,7,331.04,238.4,143.09999999999997,86.97999999999999,1,1,1.0
182,1,208.55,250.78,92.84999999999997,46.52000000000001,1,1,1.0
182,7,319.74,239.34,143.7,86.92999999999998,1,1,1.0
183,1,208.55,250.78,92.84999999999997,46.52000000000001,1,1,1.0
183,7,308.43,240.28,144.3,86.88000000000002,1,1,1.0
184,1,208.55,250.78,92.84999999999997,46.52000000000001,1,1,1.0
184,7,297.13,241.23,144.89999999999998,86.82000000000002,1,1,1.0
185,1,208.55,250.78,92.84999999999997,46.52000000000001,1,1,1.0
185,7,285.82,242.17,145.5,86.77000000000001,1,1,1.0
186,1,208.55,250.78,92.84999999999997,46.52000000000001,1,1,1.0
186,7,274.52,243.11,146.10000000000002,86.71999999999997,1,1,1.0
187,1,208.55,250.78,92.84999999999997,46.52000000000001,1,1,1.0
187,7,263.21,244.05,146.70000000000005,86.67000000000002,1,1,1.0
188,1,208.55,250.78,92.84999999999997,46.52000000000001,1,1,1.0
188,7,251.91,244.99,147.29999999999998,86.62,1,1,1.0
189,1,208.55,250.78,92.84999999999997,46.52000000000001,1,1,1.0
189,7,240.6,245.94,147.9,86.56,1,1,1.0
190,1,208.55,250.78,92.84999999999997,46.52000000000001,1,1,1.0
190,7,225.7,245.94,162.8,88.06,1,1,1.0
